500
43 39 42 43 35 21 33 47 29 42 26 33 31 38 23 47 21 21 22 28 23 36 24 20 43 46 22 40 24 26 27 43 46 39 44 33 21 26 25 42 37 28 33 35 38 37 39 30 28 36 29 26 45 29 36 26 47 23 23 29 29 24 28 29 21 40 48 24 27 28 21 20 33 39 30 31 20 38 30 46 29 21 43 36 29 31 46 33 44 32 24 24 30 25 37 23 44 26 26 30 41 20 39 48 28 40 47 24 22 45 27 33 46 38 35 40 41 41 24 27 39 46 33 35 23 40 24 43 43 21 27 32 41 26 41 34 32 44 41 25 42 28 47 37 45 22 46 33 27 29 20 29 21 38 23 32 42 31 42 39 38 42 28 39 28 24 31 37 33 35 31 23 38 24 34 43 27 35 32 47 33 38 27 46 31 32 20 29 31 22 36 26 34 43 30 27 32 34 30 34 45 22 22 42 24 41 35 31 27 48 49 43 26 45 31 47 30 23 29 43 34 30 21 33 20 24 34 41 46 22 20 42 21 39 48 20 42 48 36 49 31 31 35 31 38 37 21 49 26 42 31 33 22 37 32 24 34 40 20 29 29 47 37 35 21 33 23 28 21 40 44 36 46 43 25 33 40 25 46 32 27 39 32 37 36 37 26 28 44 21 46 33 30 39 45 23 47 41 20 49 45 22 46 31 41 48 29 35 36 39 38 42 20 33 35 21 31 20 49 35 41 30 22 21 27 34 43 37 26 29 43 39 32 49 29 38 38 40 39 36 36 24 32 45 48 25 22 40 48 24 23 48 20 21 49 26 39 46 44 41 33 24 34 44 43 49 49 26 46 49 37 33 32 37 32 20 45 40 36 49 40 23 33 41 25 27 44 24 34 43 40 40 49 41 38 31 23 44 38 36 22 38 32 29 24 32 22 32 22 21 33 39 36 41 46 36 32 48 29 38 27 47 44 36 38 33 41 47 34 39 21 27 43 41 47 42 44 28 26 47 26 47 31 40 43 44 39 45 29 26 37 23 42 22 35 34 45 45 26 25 25 33 33 49 26 35 34 48 26 38 25 29 35 33 29 21 23 33 29 40 49 42 36 21 31 20 27 34 27 39 48 20 25 39 20 36 31 34 26 32
6
30 30 50 40 50 40
400
400 321
346 223
13 204
33 112
65 442
446 336
245 493
407 168
165 350
375 402
118 223
104 50
148 237
189 312
462 432
436 245
199 215
125 288
411 416
426 396
116 120
283 304
498 354
357 317
27 58
461 87
224 124
321 390
455 75
324 364
323 163
85 253
287 168
439 479
35 171
218 11
48 50
260 342
238 11
192 215
157 364
265 353
372 468
195 359
21 424
161 183
375 206
108 103
228 148
163 98
175 184
294 395
291 220
9 121
175 411
287 347
438 215
292 82
138 211
473 333
123 259
359 422
389 495
147 340
158 480
43 459
430 333
19 28
367 430
210 171
178 98
199 102
417 12
274 229
261 269
52 18
474 255
405 464
180 110
253 331
214 347
397 230
194 437
415 300
4 376
46 323
403 219
127 323
280 239
202 129
12 227
230 25
138 314
327 101
427 321
371 73
422 417
230 133
267 166
216 216
64 403
486 128
194 455
362 129
148 330
451 245
381 366
51 331
74 422
415 313
237 481
434 51
69 491
325 117
129 87
337 365
494 363
483 398
176 139
432 425
15 401
449 285
285 433
164 113
367 30
89 485
80 280
162 239
303 399
296 199
248 352
194 16
52 98
235 9
184 156
436 56
86 28
395 27
35 72
331 426
416 141
472 101
297 221
279 413
335 371
396 413
378 467
292 276
61 487
243 10
301 291
225 261
148 45
316 272
52 133
286 358
120 142
428 452
236 265
197 499
315 113
367 80
387 385
192 36
273 258
280 26
105 481
462 349
134 374
78 193
256 55
200 356
194 394
419 361
331 344
440 255
97 485
145 272
443 192
266 305
349 126
137 17
482 410
205 240
7 399
306 179
311 124
119 162
244 276
211 478
234 460
328 459
395 306
450 197
326 234
435 252
64 258
267 105
251 180
417 75
7 489
254 189
368 99
142 125
8 453
286 148
230 135
135 246
403 130
305 163
490 471
409 202
49 141
192 182
134 84
401 75
454 152
317 481
55 147
4 170
313 186
306 57
288 87
268 490
453 450
218 250
383 71
156 87
465 83
192 340
149 344
324 156
431 420
402 194
422 145
103 67
230 98
84 271
84 290
94 356
364 24
98 226
181 163
294 452
200 375
487 233
242 54
67 454
155 144
34 109
226 430
327 403
154 345
111 253
371 134
79 329
182 72
35 64
206 26
210 430
481 312
394 362
56 264
260 3
340 19
255 269
277 325
435 372
237 456
121 117
7 437
441 273
485 457
285 195
16 380
157 59
144 461
163 325
207 120
155 150
191 385
145 350
241 153
381 304
197 53
446 94
22 447
495 469
480 92
385 492
289 334
36 427
302 123
6 296
422 435
461 287
133 246
323 348
140 5
329 238
298 192
53 48
454 218
428 187
103 91
142 444
401 344
430 141
311 306
59 446
209 403
33 203
391 25
73 144
75 75
363 82
418 492
360 405
207 308
308 229
48 140
145 54
267 2
282 196
293 329
372 111
13 245
392 167
175 226
32 468
498 370
75 42
313 383
172 385
131 399
43 306
151 360
416 20
429 433
331 68
63 4
176 442
347 2
294 20
14 322
165 127
450 385
305 428
422 91
407 39
357 104
393 204
283 247
382 84
402 313
403 434
107 84
106 13
161 23
245 67
93 459
326 80
134 219
28 470
432 172
18 151
483 74
219 77
246 298
424 276
323 377
239 402
389 147
367 207
417 413
430 264
170 215
87 57
152 136
382 145
192 126
225 58
467 262
255 200
43 239
312 282
90 304
200 82
284 282
284 58
360 42
19 28
207 307
464 350
122 168
293 126
95 311
41 370
274 268
439 349