1000
37 27 48 35 25 46 43 46 23 44 21 38 31 21 32 36 41 23 23 20 33 45 31 39 37 49 35 38 35 24 44 47 42 39 47 24 30 32 32 24 26 40 39 45 40 26 26 38 34 38 33 23 20 41 40 22 30 48 37 30 33 42 30 43 24 25 31 47 46 40 39 48 37 36 26 26 36 31 46 47 35 34 43 20 33 38 40 37 39 36 46 42 31 34 22 36 35 44 22 20 26 48 43 31 43 46 23 22 24 48 45 43 41 36 49 46 25 36 43 29 45 35 37 46 47 20 45 49 38 23 21 40 43 44 26 33 40 47 20 30 31 42 46 47 31 24 41 44 26 36 33 25 35 23 40 43 34 23 27 24 49 33 38 35 43 20 31 24 49 42 27 27 26 20 30 49 23 49 43 45 25 37 48 32 46 27 40 33 28 48 23 24 30 31 20 30 48 43 47 29 35 44 38 40 23 20 44 24 38 49 42 44 27 34 36 46 37 41 42 37 22 46 43 38 24 42 33 20 27 43 32 38 24 46 29 35 29 37 36 32 29 37 37 36 44 43 24 31 23 25 22 40 46 21 44 22 29 36 42 31 30 46 32 47 42 48 24 45 33 42 41 22 33 44 44 46 30 33 24 20 25 49 39 34 36 40 27 25 35 33 20 33 24 28 29 32 41 40 40 46 48 30 22 27 48 23 29 49 33 21 23 25 41 48 48 30 26 22 34 29 26 20 35 27 49 23 46 45 20 20 45 49 44 27 41 35 20 42 31 32 25 47 43 46 44 31 30 37 49 39 44 40 20 36 34 27 26 22 39 32 40 27 49 47 40 37 46 40 35 42 35 49 24 21 31 21 23 47 37 38 26 47 24 20 41 45 41 36 37 34 39 35 24 34 37 48 27 26 45 23 32 28 42 37 26 37 34 22 26 36 23 35 28 48 24 37 33 30 30 28 41 22 21 42 33 34 46 44 33 20 40 33 38 48 47 29 39 39 20 45 46 40 47 46 48 47 24 45 49 20 47 26 42 25 26 23 27 49 27 48 40 28 41 24 32 35 34 35 43 42 32 44 33 42 41 38 44 38 20 42 34 32 40 34 43 44 24 43 35 41 41 34 38 24 29 48 42 30 24 31 35 39 47 40 27 20 47 37 48 42 33 32 44 22 45 34 27 41 26 35 21 21 39 47 28 28 20 27 30 44 34 35 25 49 21 43 34 31 36 46 49 22 38 44 39 43 36 20 30 43 49 25 30 48 44 41 43 34 42 39 34 46 34 28 38 48 38 42 45 41 40 24 48 35 24 24 42 42 44 43 38 34 23 44 32 29 28 25 32 27 22 43 33 27 27 37 44 27 37 24 28 34 43 35 35 25 24 44 49 21 42 35 48 23 48 49 38 37 29 23 21 41 45 24 46 48 35 41 35 35 43 21 46 41 43 31 29 31 39 47 45 27 30 26 22 39 37 45 32 24 38 34 24 42 25 42 37 30 24 30 45 35 36 33 34 31 32 43 44 39 26 30 22 23 36 45 32 24 33 39 35 31 39 44 42 40 40 44 34 33 48 42 41 33 47 45 39 32 41 26 43 29 47 42 41 36 42 33 42 27 26 23 30 38 20 36 30 38 45 35 28 37 30 42 38 34 37 28 26 21 23 21 21 20 22 24 40 39 26 48 46 31 36 39 26 40 47 33 32 43 33 35 34 28 24 37 38 34 20 25 38 44 30 37 43 42 49 42 27 49 33 23 43 35 29 40 33 49 48 46 47 28 29 29 38 36 39 34 24 21 42 37 24 32 24 40 24 35 25 30 29 48 47 43 49 24 23 48 24 21 25 20 26 44 27 29 49 49 21 28 35 42 39 46 44 39 45 48 38 31 43 23 23 48 41 41 47 34 33 29 25 20 35 20 30 41 22 24 42 48 43 31 49 37 32 42 32 39 21 47 27 26 33 39 47 27 37 39 34 46 42 31 46 42 20 48 43 22 36 20 31 24 22 29 29 22 25 40 23 47 41 35 39 21 29 49 47 28 21 28 31 21 38 44 45 44 23 49 29 40 44 31 43 28 25 28 28 34 23 48 30 33 32 32 35 28 34 41 37 28 33 38 20 41 41 22 28 44 26 27 22 30 36 41 23 36 43 28 35 21 20 44 31 20 26 43 41 32 36 40 43 29 36 23 30 40 39 28 44 46 32 27 36 30 35 33 30 23 43 49 47 46 40 49 45 27 27 42 39 47 28 31 43 46 25 33 40 35 22 35
20
50 40 30 40 40 40 50 40 50 50 30 50 30 30 40 50 50 30 50 50
800
333 347
517 881
899 97
364 424
745 374
98 262
173 27
863 74
199 831
588 468
481 796
476 598
527 477
193 319
885 43
274 58
880 125
492 912
941 974
727 715
284 106
31 722
468 997
730 293
61 81
717 441
745 604
106 868
564 515
872 293
70 925
496 435
28 165
708 657
701 48
42 869
527 701
375 949
765 1000
18 606
267 519
751 968
297 714
882 551
111 884
107 162
577 805
612 500
297 822
239 995
76 173
644 327
665 302
555 908
44 780
362 564
267 841
470 466
679 827
107 746
226 553
106 76
786 745
685 478
74 745
548 870
649 907
306 740
364 275
19 955
385 632
448 314
362 293
293 240
698 648
361 586
928 447
84 552
762 765
790 292
164 826
87 174
675 368
240 283
812 531
528 22
460 636
389 245
780 341
856 618
241 908
149 398
804 318
660 409
71 177
346 828
98 508
314 715
183 832
423 580
498 575
322 554
714 377
834 694
975 423
153 116
857 360
304 517
708 367
290 721
699 878
165 836
227 695
741 22
368 837
384 960
934 691
713 454
266 222
821 778
351 200
661 677
341 681
250 295
459 830
513 76
895 973
983 611
316 503
422 603
149 981
562 372
337 804
175 106
15 143
408 87
289 604
572 894
904 62
465 253
350 281
400 458
366 999
316 56
560 782
936 167
541 199
300 794
235 315
318 29
501 650
638 787
697 57
41 45
749 724
738 531
815 714
763 609
88 40
151 747
977 137
734 478
582 721
300 774
736 129
52 592
825 925
505 637
706 944
839 679
991 483
329 233
239 96
501 224
9 523
723 960
778 705
859 646
587 727
627 267
656 428
566 57
965 990
496 941
428 892
918 651
955 440
423 545
318 699
915 262
351 556
198 539
402 137
531 956
624 615
206 546
183 205
16 884
826 747
6 434
171 886
607 144
628 485
942 842
579 977
581 459
437 396
454 419
765 331
51 591
662 175
483 386
987 320
264 160
44 140
200 20
834 47
376 180
583 845
473 686
216 268
656 38
778 440
17 966
978 191
988 523
793 764
554 393
354 39
784 412
32 925
837 630
264 453
905 191
159 354
417 446
306 36
986 434
669 168
500 476
53 751
440 507
286 312
308 532
36 795
198 375
564 316
420 319
331 197
117 554
307 323
54 618
500 491
653 865
479 934
484 424
881 550
505 388
948 76
804 735
205 50
860 371
552 824
362 81
292 669
34 538
649 776
281 872
959 987
471 733
294 978
435 660
367 286
794 432
341 325
50 678
879 732
496 686
29 321
242 232
926 619
128 827
578 253
781 434
394 966
587 617
872 354
964 204
873 436
888 274
72 754
857 594
881 14
705 498
630 647
925 745
134 77
120 267
273 987
394 946
587 644
377 913
435 365
247 337
800 625
620 631
80 368
58 895
32 314
781 201
985 955
756 793
229 881
901 129
311 411
727 360
392 372
185 713
984 433
915 472
822 796
55 158
620 100
129 151
201 316
45 239
834 109
666 643
652 714
490 340
679 434
424 767
622 381
671 551
52 955
370 874
456 389
718 254
822 457
778 343
115 195
986 888
398 450
331 808
272 129
351 397
926 956
607 453
515 111
647 369
640 614
34 149
867 927
560 688
213 799
39 618
2 609
272 671
571 120
233 905
517 991
24 430
876 857
68 680
802 145
746 999
321 33
353 541
765 755
629 601
275 624
591 518
307 790
578 545
424 371
85 443
600 670
928 191
753 508
998 806
917 735
455 106
658 770
393 55
185 243
308 209
977 875
351 116
354 540
888 295
308 73
815 779
302 489
217 430
787 928
577 979
677 377
809 496
787 36
548 536
135 1
88 633
256 142
855 822
634 894
49 192
226 248
159 90
458 731
435 565
813 400
679 553
447 494
425 292
168 788
495 718
744 781
224 882
366 979
303 696
745 66
491 599
668 470
829 636
302 906
217 151
1 296
423 667
938 16
572 691
943 397
340 784
998 468
619 941
125 84
889 719
761 513
677 447
1 590
432 253
543 764
380 986
143 477
439 754
521 570
403 959
908 194
511 359
535 499
600 714
741 779
578 598
482 203
397 418
944 889
525 486
195 724
920 86
258 211
567 660
885 657
341 627
276 729
397 460
766 531
821 48
174 377
619 721
405 208
741 558
57 790
166 461
189 748
547 115
772 304
518 964
145 412
198 970
695 925
669 882
651 490
544 124
996 360
225 35
463 842
617 437
744 308
234 55
511 311
992 904
478 935
846 546
387 294
14 507
850 69
592 279
287 194
157 792
400 585
659 229
968 513
849 3
863 808
318 750
839 240
513 458
240 860
779 417
469 325
198 928
827 137
591 922
175 716
439 459
663 811
174 893
255 135
111 970
621 412
139 331
905 836
438 455
99 395
265 966
965 53
567 878
652 900
764 613
608 656
939 844
27 961
464 693
201 767
273 742
918 486
917 341
320 537
715 804
277 22
912 497
572 697
487 65
870 371
905 291
189 262
389 162
754 343
14 49
693 725
841 354
308 669
206 345
111 995
241 477
908 670
37 908
34 929
601 831
277 313
234 698
589 265
865 510
995 968
38 474
581 694
746 652
17 706
544 21
533 311
719 982
166 856
537 749
494 74
595 553
917 267
139 62
560 454
121 129
756 427
502 538
129 688
676 866
714 445
116 231
353 971
32 45
215 881
968 412
710 56
584 474
313 450
24 599
806 562
133 622
794 481
706 158
710 591
714 11
6 917
118 726
113 342
609 885
51 865
147 881
411 507
41 52
894 733
871 708
228 613
623 504
441 359
628 332
169 918
113 73
165 939
828 31
468 656
605 919
351 389
119 378
127 959
275 634
392 842
83 195
174 761
285 324
860 66
211 989
134 681
75 323
864 770
442 797
151 931
173 283
987 645
199 663
768 883
800 531
616 769
222 964
149 932
553 672
439 290
935 667
348 522
102 117
759 676
788 780
274 943
621 271
751 732
960 939
474 847
556 792
879 476
637 718
369 886
933 864
644 69
866 945
104 697
196 285
957 771
606 178
583 56
451 468
233 972
798 932
587 946
485 308
979 265
498 138
202 714
414 649
212 920
120 558
475 662
512 575
829 413
948 719
553 472
431 31
249 414
784 714
490 399
590 50
104 878
640 301
732 575
761 298
910 388
699 231
977 594
812 38
590 876
657 426
235 935
216 358
575 66
997 376
976 243
634 398
724 273
558 119
995 22
372 873
85 76
746 88
554 470
218 687
380 631
180 149
648 330
479 448
117 795
236 276
661 624
712 803
18 650
429 590
774 321
883 404
945 113
813 168
450 453
543 644
820 40
200 517
498 951
380 227
720 449
347 8
493 78
520 528
439 174
485 304
418 390
694 268
882 68
959 333
913 795
546 148
405 783
523 286
28 358
739 863
47 747
325 680
58 852
979 9
742 631
198 169
573 892
449 4
564 573
630 487
769 118
856 600
715 235
774 244
130 705
829 250
263 658
237 206
887 562
143 476
624 365
67 954
803 576
112 885
901 540
412 271
260 742
99 507
494 316
502 140
155 78
611 777
175 206
553 650
632 746
344 265
990 555
20 503
382 767
147 390
939 710
273 965
361 180
107 672
104 896
918 17
114 938
869 217
478 451
263 21
48 911
120 774
832 191
408 29