200
42 34 30 29 38 42 23 43 38 37 39 32 33 46 26 20 35 30 35 36 45 37 38 24 33 21 32 23 29 31 38 45 31 35 23 43 45 39 40 45 25 32 47 29 31 31 36 38 34 20 40 36 39 21 26 45 22 36 49 42 32 44 42 22 35 28 24 32 39 36 32 37 36 46 28 24 22 41 47 36 26 20 42 24 49 32 49 35 38 33 23 45 49 40 31 25 22 49 31 35 38 25 33 40 41 34 20 22 41 33 49 36 24 34 47 48 33 48 39 44 38 33 37 43 20 28 21 34 42 33 31 35 38 23 25 42 22 48 37 34 24 37 27 40 24 38 42 42 37 36 43 35 43 27 32 35 33 23 25 21 40 27 21 36 24 20 38 25 37 26 23 23 37 32 20 21 28 45 27 38 26 33 46 49 30 24 39 48 41 45 30 22 27 29 35 46 38 48 47 21
3
40 50 30
160
16 149
46 193
54 70
65 56
181 164
122 19
72 172
23 72
52 108
157 10
98 60
46 77
68 40
188 76
68 6
80 26
62 99
115 143
50 131
190 132
58 185
186 194
45 5
72 165
196 191
95 38
142 26
157 2
96 32
162 104
49 33
63 193
5 51
172 196
26 92
155 59
188 151
75 23
3 61
128 80
157 170
132 6
103 180
115 92
33 34
165 158
112 138
55 116
57 57
16 29
120 75
173 83
122 105
167 149
83 167
115 159
199 54
143 6
138 130
52 158
87 55
105 93
193 179
36 42
106 149
177 192
126 167
91 111
35 61
127 33
35 123
142 113
57 181
142 143
191 160
121 150
111 51
199 184
27 103
90 135
33 109
193 153
23 152
99 154
18 19
42 41
116 108
61 75
156 5
175 149
175 57
119 8
3 177
30 112
39 93
34 133
2 65
63 123
177 35
124 141
81 73
100 133
28 38
158 6
196 142
133 46
38 132
130 78
127 2
120 133
147 108
64 136
176 176
160 83
191 119
16 165
136 13
97 50
33 74
98 132
21 123
92 132
54 117
28 70
104 41
62 157
79 59
107 70
95 127
200 76
32 85
180 90
180 165
187 165
20 30
122 160
140 169
23 72
4 71
92 140
111 130
46 3
136 13
12 26
116 174
161 112
1 64
123 159
53 183
5 190
92 64
170 146
187 112
187 104
83 104
138 134
200 46
87 15
26 1
178 166